1.009979786955225611e+00, -3.909670740846448833e+00
1.018678763744816251e+00, -3.906539405197561265e+00
1.027615648743503529e+00, -3.903594014763409170e+00
1.036786930514490557e+00, -3.900831020270982830e+00
1.046189097620978004e+00, -3.898246872447259204e+00
1.055818638626169648e+00, -3.895838022019230795e+00
1.065672042093267269e+00, -3.893600919713879449e+00
1.075745796585473757e+00, -3.891532016258193227e+00
1.086036390665991114e+00, -3.889627762379158415e+00
1.096540312898022007e+00, -3.887884608803756858e+00
1.107254051844768439e+00, -3.886299006258976618e+00
1.118174096069432855e+00, -3.884867405471802204e+00
1.129296934135217922e+00, -3.883586257169220346e+00
1.140619054605326088e+00, -3.882452012078216885e+00
1.152136946042959353e+00, -3.881461120925775443e+00
1.163847097011320386e+00, -3.880610034438883638e+00
1.175745996073611410e+00, -3.879895203344525090e+00
1.187830131793034649e+00, -3.879313078369685197e+00
1.200095992732793215e+00, -3.878860110241353354e+00
1.212540067456088888e+00, -3.878532749686511405e+00
1.225158844526124335e+00, -3.878327447432146968e+00
1.237948812506101115e+00, -3.878240654205241889e+00
1.250906459959222561e+00, -3.878268820732784672e+00
1.264028275448690897e+00, -3.878408397741761604e+00
1.277310747537708790e+00, -3.878655835959158527e+00
1.290750364789477800e+00, -3.879007586111959061e+00
1.304343615767200371e+00, -3.879460098927148604e+00
1.318086989034079615e+00, -3.880009825131713441e+00
1.331976973153317534e+00, -3.880653215452639859e+00
1.346010056688116796e+00, -3.881386720616912811e+00
1.360182728201678959e+00, -3.882206791351516806e+00
1.374491476257208022e+00, -3.883109878383440350e+00
1.388932789417904656e+00, -3.884092432439665732e+00
1.403503156246970862e+00, -3.885150904247178794e+00
1.418199065307611750e+00, -3.886281744532968041e+00
1.433017005163027990e+00, -3.887481404024017984e+00
1.447953464376421806e+00, -3.888746333447313130e+00
1.463004931510994977e+00, -3.890072983529836215e+00
1.478167895129951726e+00, -3.891457804998578407e+00
1.493438843796492721e+00, -3.892897248580521108e+00
1.508814266073821519e+00, -3.894387765002654156e+00
1.524290650525139679e+00, -3.895925804991958952e+00
1.539864485713650089e+00, -3.897507819275422669e+00
1.555532260202555195e+00, -3.899130258580030706e+00
1.571290462555056999e+00, -3.900789573632767571e+00
1.587135581334358170e+00, -3.902482215160621326e+00
1.603064105103660930e+00, -3.904204633890575593e+00
1.619072522426168170e+00, -3.905953280549617990e+00
1.635157321865081448e+00, -3.907724605864730361e+00
1.651314991983603431e+00, -3.909515060562901212e+00
1.667542021344937009e+00, -3.911321095371116385e+00
1.683834898512283962e+00, -3.913139161016359058e+00
1.700190112048846958e+00, -3.914965708225617291e+00
1.716604150517828220e+00, -3.916797187725873375e+00
1.733073502482430195e+00, -3.918630050244117147e+00
1.749594656505855328e+00, -3.920460746507331340e+00
1.766164101151306731e+00, -3.922285727242503128e+00
1.782778324981985074e+00, -3.924101443176615689e+00
1.799433816561094135e+00, -3.925904345036656640e+00
1.816127064451836137e+00, -3.927690883549611378e+00
1.832854557217412639e+00, -3.929457509442463969e+00
1.849612783421027640e+00, -3.931200673442202920e+00
1.866398231625881365e+00, -3.932916826275810074e+00
1.883207390395177594e+00, -3.934602418670273050e+00
1.900036748292118993e+00, -3.936253901352578133e+00
1.916882793879907343e+00, -3.937867725049709833e+00
1.933742015721744201e+00, -3.939440340488652215e+00
1.950610902380833789e+00, -3.940968198396394229e+00
1.967485942420377443e+00, -3.942447749499919496e+00
1.984363624403577164e+00, -3.943875444526213414e+00
2.001240436893636065e+00, -3.945247734202260936e+00
2.018112868453756370e+00, -3.946561069255048793e+00
2.034977407647140524e+00, -3.947811900411564157e+00
2.051830543036990750e+00, -3.948996678398788873e+00
2.068668763186509274e+00, -3.950111853943711004e+00
2.085488556658899206e+00, -3.951153877773315948e+00
2.102286412017362327e+00, -3.952119200614588213e+00
2.119058817825099972e+00, -3.953004273194513196e+00
2.135802262645317029e+00, -3.953805546240078517e+00
2.152513235041213946e+00, -3.954519470478268239e+00
2.169188223575993391e+00, -3.955142496636067762e+00
2.185823716812858475e+00, -3.955671075440462037e+00
2.202416203315010979e+00, -3.956101657618438683e+00
2.218962171645653125e+00, -3.956430693896981765e+00
2.235458110367988915e+00, -3.956654635003078901e+00
2.251900508045218352e+00, -3.956769931663711937e+00
2.268285853240544991e+00, -3.956773034605868489e+00
2.284610634517171501e+00, -3.956660394556535287e+00
2.300871340438300106e+00, -3.956428462242696398e+00
2.317064459567133028e+00, -3.956073688391337662e+00
2.333186480466872048e+00, -3.955592523729444476e+00
2.349233891700720278e+00, -3.954981418984001795e+00
2.365203181831879942e+00, -3.954236824881996348e+00
2.381090839423553707e+00, -3.953355192150413977e+00
2.396893353038943353e+00, -3.952332971516239635e+00
2.412607211241252436e+00, -3.951166613706459163e+00
2.428228902593682292e+00, -3.949852569448057515e+00
2.443754915659435145e+00, -3.948387289468020089e+00
2.459181739001713662e+00, -3.946767224493333170e+00
2.474505861183720956e+00, -3.944988825250982600e+00
2.489723770768658362e+00, -3.943048542467952444e+00
2.504831956319728992e+00, -3.940942826871229876e+00
2.519826906400134625e+00, -3.938668129187798961e+00
2.534705109573078374e+00, -3.936220900144647317e+00
2.549463054401762019e+00, -3.933597590468758121e+00
2.564097229449388671e+00, -3.930794650887119879e+00
2.578604123279158777e+00, -3.927808532126713992e+00
2.592980224454277227e+00, -3.924635684914529854e+00
2.607222021537944912e+00, -3.921272559977551087e+00
2.621326003093364942e+00, -3.917715608042763975e+00
2.635288657683739544e+00, -3.913961279837154361e+00
2.649106473872270495e+00, -3.910006026087706310e+00
2.662775940222161353e+00, -3.905846297521407884e+00
2.676293545296613896e+00, -3.901478544865241815e+00
2.689655777658829017e+00, -3.896899218846193946e+00
2.702859125872010715e+00, -3.892104770191251895e+00
2.715900078499362991e+00, -3.887091649627401502e+00
2.728775124104084959e+00, -3.881856307881625501e+00
2.741480751249380621e+00, -3.876395195680911510e+00
2.754013448498452643e+00, -3.870704763752244482e+00
2.766369704414501918e+00, -3.864781462822609370e+00
2.778546007560732889e+00, -3.858621743618993349e+00
2.790538846500346892e+00, -3.852222056868381372e+00
2.802344709796545708e+00, -3.845578853297757504e+00
2.813960086012532891e+00, -3.838688583634108475e+00
2.825381463711510222e+00, -3.831547698604421015e+00
2.836605331456680368e+00, -3.824152648935679188e+00
2.847628177811245109e+00, -3.816499885354868837e+00
2.858446491338407558e+00, -3.808585858588974915e+00
2.869056760601369049e+00, -3.800407019364983263e+00
2.879455474163333584e+00, -3.791959818409881500e+00
2.889639120587502052e+00, -3.783240706450652358e+00
2.899604188437078012e+00, -3.774246134214283011e+00
2.909347166275263241e+00, -3.764972552427757968e+00
2.918864542665260409e+00, -3.755416411818063960e+00
2.928152997812426772e+00, -3.745575010007629047e+00
2.937210828224465775e+00, -3.735452787301489774e+00
2.946037141217816568e+00, -3.725057767090150129e+00
2.954631050196371511e+00, -3.714397999665491223e+00
2.962991668564022962e+00, -3.703481535319395945e+00
2.971118109724665501e+00, -3.692316424343750736e+00
2.979009487082193264e+00, -3.680910717030439372e+00
2.986664914040498608e+00, -3.669272463671343409e+00
2.994083504003476115e+00, -3.657409714558347513e+00
3.001264370375017254e+00, -3.645330519983334572e+00
3.008206626559017494e+00, -3.633042930238190582e+00
3.014909385959369637e+00, -3.620554995614796656e+00
3.021371761979966930e+00, -3.607874766405037459e+00
3.027592868024703066e+00, -3.595010292900797655e+00
3.033571817497471290e+00, -3.581969625393959245e+00
3.039307723802166628e+00, -3.568760814176408669e+00
3.044799700342679660e+00, -3.555391909540025264e+00
3.050046860522905412e+00, -3.541870961776695470e+00
3.055048317746738906e+00, -3.528206021178304841e+00
3.059803185418070726e+00, -3.514405138036734044e+00
3.064310576940796338e+00, -3.500476362643867301e+00
3.068569605718807658e+00, -3.486427745291587943e+00
3.072579385156000598e+00, -3.472267336271781968e+00
3.076339028656265739e+00, -3.458003185876330932e+00
3.079847649623497663e+00, -3.443643344397119055e+00
3.083104361461591836e+00, -3.429195862126031891e+00
3.086108277574438841e+00, -3.414668789354949219e+00
3.088858511365933257e+00, -3.400070176375757480e+00
3.091354176239969220e+00, -3.385408073480340452e+00
3.093594385600439090e+00, -3.370690530960580578e+00
3.095578252851238332e+00, -3.355925599108363855e+00
3.097304891396256643e+00, -3.341121328215569619e+00
3.098773414639391710e+00, -3.326285768574086088e+00
3.099982935984533672e+00, -3.311426970475794818e+00
3.100932568835578884e+00, -3.296552984212580473e+00
3.101621426596417930e+00, -3.281671860076325054e+00
3.102048622670947609e+00, -3.266791648358914113e+00
3.102213270463058059e+00, -3.251920399352230540e+00
3.102114483376644305e+00, -3.237066163348156778e+00
3.101751374815600037e+00, -3.222236990638580156e+00
3.101123058183818060e+00, -3.207440931515380456e+00
3.100228646885192507e+00, -3.192686036270443672e+00
3.099067254323616183e+00, -3.177980355195652251e+00
3.097638007039987595e+00, -3.163331917850835673e+00
3.095941616466872937e+00, -3.148746252611703600e+00
3.093981869615245461e+00, -3.134224034154527772e+00
3.091762906509373465e+00, -3.119765380050460113e+00
3.089288867173529685e+00, -3.105370407870651217e+00
3.086563891631981082e+00, -3.091039235186251233e+00
3.083592119909002616e+00, -3.076771979568414750e+00
3.080377692028862135e+00, -3.062568758588292361e+00
3.076924748015831934e+00, -3.048429689817035548e+00
3.073237427894182083e+00, -3.034354890825796236e+00
3.069319871688183987e+00, -3.020344479185726350e+00
3.065176219422106385e+00, -3.006398572467976038e+00
3.060810611120222458e+00, -2.992517288243699003e+00
3.056227186806801832e+00, -2.978700744084046725e+00
3.051430086506114581e+00, -2.964949057560169354e+00
3.046423450242432551e+00, -2.951262346243219259e+00
3.041211418040026260e+00, -2.937640727704348809e+00
3.035798129923165778e+00, -2.924084319514709929e+00
3.030187725916122066e+00, -2.910593239245452768e+00
3.024384346043166527e+00, -2.897167604467730584e+00
3.018392130328568790e+00, -2.883807532752693970e+00
3.012215218796599814e+00, -2.870513141671494850e+00
3.005857751471531003e+00, -2.857284548795285595e+00
2.999323868377633318e+00, -2.844121871695217685e+00
2.992617709539176385e+00, -2.831025227942441713e+00
2.985743414980431609e+00, -2.817994735108111382e+00
2.978705124725668174e+00, -2.805030510763375950e+00
2.971506978799159704e+00, -2.792132672479388678e+00
2.964153117225174050e+00, -2.779301337827301488e+00
2.956647680027983949e+00, -2.766536624378264975e+00
2.948994807231859028e+00, -2.753838649703431951e+00
2.941198638861070691e+00, -2.741207531373953454e+00
2.933263314939889010e+00, -2.728643386960981410e+00
2.925192975492585834e+00, -2.716146334035667742e+00
2.916991760543429901e+00, -2.703716490169162601e+00
2.908663810116692616e+00, -2.691353972932619687e+00
2.900213264236646271e+00, -2.679058899897189150e+00
2.891644262927559605e+00, -2.666831388634023803e+00
2.882960946213704911e+00, -2.654671556714275571e+00
2.874167454119351817e+00, -2.642579521709095491e+00
2.865267926668772169e+00, -2.630555401189635045e+00
2.856266503886235153e+00, -2.618599312727045714e+00
2.847167325796011728e+00, -2.606711373892479866e+00
2.837974532422373741e+00, -2.594891702257088539e+00
2.828692263789591266e+00, -2.583140415392024547e+00
2.819324659921934817e+00, -2.571457630868438482e+00
2.809875860843675799e+00, -2.559843466257482714e+00
2.800350006579084283e+00, -2.548298039130308723e+00
2.790751237152430342e+00, -2.536821467058067547e+00
2.781083692587986711e+00, -2.525413867611912888e+00
2.771351512910021686e+00, -2.514075358362994006e+00
2.761558838142808892e+00, -2.502806056882463714e+00
2.751709808310615735e+00, -2.491606080741473939e+00
2.741808563437715396e+00, -2.480475547511175716e+00
2.731859243548377059e+00, -2.469414574762721415e+00
2.721865988666872571e+00, -2.458423280067261629e+00
2.711832562711246286e+00, -2.447501519221319644e+00
2.701760862874019509e+00, -2.436647848757144352e+00
2.691652208283263903e+00, -2.425860422866907395e+00
2.681507917893651172e+00, -2.415137395622095173e+00
2.671329310659857459e+00, -2.404476921094196307e+00
2.661117705536554912e+00, -2.393877153354694975e+00
2.650874421478417897e+00, -2.383336246475078024e+00
2.640600777440121227e+00, -2.372852354526833185e+00
2.630298092376338381e+00, -2.362423631581445971e+00
2.619967685241743727e+00, -2.352048231710404114e+00
2.609610874991008966e+00, -2.341724308985191350e+00
2.599228980578810244e+00, -2.331450017477297187e+00
2.588823320959821039e+00, -2.321223511258206695e+00
2.578395215088714387e+00, -2.311042944399406274e+00
2.567945981920165099e+00, -2.300906470972382767e+00
2.557476940408846211e+00, -2.290812245048622575e+00
2.546989409509432978e+00, -2.280758420699612543e+00
2.536484708176597547e+00, -2.270743151996838627e+00
2.525964155365015618e+00, -2.260764593011788115e+00
2.515429070029358893e+00, -2.250820897815946520e+00
2.504880771124303074e+00, -2.240910220480800685e+00
2.494320577604521638e+00, -2.231030715077837012e+00
2.483749808424688510e+00, -2.221180535678542789e+00
2.473169782539477168e+00, -2.211357836354403972e+00
2.462581818903561537e+00, -2.201560771176906517e+00
2.451987236471616427e+00, -2.191787494217537713e+00
2.441387354198313542e+00, -2.182036159547783516e+00
2.430783491038329913e+00, -2.172304921239131659e+00
2.420176965946338132e+00, -2.162591933363066765e+00
2.409569097877009902e+00, -2.152895349991076124e+00
2.398961205785021811e+00, -2.143213325194646579e+00
2.388354608625047337e+00, -2.133544013045264975e+00
2.377750625351759961e+00, -2.123885567614416825e+00
2.367150574919833161e+00, -2.114236142973589416e+00
2.356555776283940862e+00, -2.104593893194268261e+00
2.345967548398757874e+00, -2.094956972347940205e+00
2.335387210218956788e+00, -2.085323534506092535e+00
2.324816080699213305e+00, -2.075691733740211653e+00
2.314255478794199572e+00, -2.066059724121783514e+00
2.303706723458589956e+00, -2.056425659722293631e+00
2.293171133647059268e+00, -2.046787694613231068e+00
2.282650028314280100e+00, -2.037143982866079561e+00
2.272144726414927707e+00, -2.027492678552327732e+00
2.261656546903674236e+00, -2.017831935743461091e+00
2.251186808735195388e+00, -2.008159908510966485e+00
2.240736830864163753e+00, -1.998474750926330090e+00
2.230307932245253699e+00, -1.988774617061038530e+00
2.219901431833138705e+00, -1.979057660986578426e+00
2.209518648582494027e+00, -1.969322036774436180e+00
2.199160901447992700e+00, -1.959565898496098635e+00
2.188829509384308203e+00, -1.949787400223051748e+00
2.178525791346113571e+00, -1.939984696026781696e+00
2.168251066288085394e+00, -1.930155939978775992e+00
2.158006653164894928e+00, -1.920299286150520368e+00
2.147793870931218319e+00, -1.910412888613502114e+00
2.137614038541728156e+00, -1.900494901439206963e+00
2.127468474951097921e+00, -1.890543478699121760e+00
2.117358499114002424e+00, -1.880556774464732905e+00
2.107285429985114700e+00, -1.870532942807526355e+00
2.097250586519110005e+00, -1.860470137798990065e+00
2.087255287670660930e+00, -1.850366513510609323e+00
2.077300852394442288e+00, -1.840220224013870753e+00
2.067388599645126668e+00, -1.830029423380261200e+00
2.057519848377389327e+00, -1.819792265681267063e+00
2.047695917545903299e+00, -1.809506904988374743e+00
2.037918126105343397e+00, -1.799171495373070861e+00
2.028187793010382656e+00, -1.788784190906841376e+00
2.018506237215695442e+00, -1.778343145661174018e+00
2.008874775787238054e+00, -1.767846516069554896e+00
1.999294039607743878e+00, -1.757293316696065144e+00
1.989762956437782115e+00, -1.746684692004162098e+00
1.980280194310493957e+00, -1.736022111268592294e+00
1.970844421259018597e+00, -1.725307043764098935e+00
1.961454305316495006e+00, -1.714540958765425005e+00
1.952108514516063043e+00, -1.703725325547315483e+00
1.942805716890861678e+00, -1.692861613384513797e+00
1.933544580474031882e+00, -1.681951291551765593e+00
1.924323773298711737e+00, -1.670995829323813409e+00
1.915141963398041325e+00, -1.659996695975401115e+00
1.905997818805160504e+00, -1.648955360781273916e+00
1.896890007553207580e+00, -1.637873293016174125e+00
1.887817197675323744e+00, -1.626751961954847836e+00
1.878778057204647300e+00, -1.615592836872037585e+00
1.869771254174317887e+00, -1.604397387042487910e+00
1.860795456617476029e+00, -1.593167081740943125e+00
1.851849332567260253e+00, -1.581903390242147101e+00
1.842931550056810419e+00, -1.570607781820843263e+00
1.834040777119265719e+00, -1.559281725751776371e+00
1.825175681787765791e+00, -1.547926691309690073e+00
1.816334932095450716e+00, -1.536544147769328683e+00
1.807517196075459465e+00, -1.525135564405435851e+00
1.798721141760932118e+00, -1.513702410492756334e+00
1.789945437185007204e+00, -1.502246155306033337e+00
1.781188750380825025e+00, -1.490768268120011175e+00
1.772449749381525219e+00, -1.479270218209434384e+00
1.763727102220246312e+00, -1.467753474849045947e+00
1.755019476930129496e+00, -1.456219507313591510e+00
1.746325541544313076e+00, -1.444669784877813390e+00
1.737643964095936244e+00, -1.433105776816455901e+00
1.728973412618139749e+00, -1.421528952404264246e+00
1.720312555144062339e+00, -1.409940780915981406e+00
1.711660059706843429e+00, -1.398342731626351920e+00
1.703014594339623100e+00, -1.386736273810119879e+00
1.694374827075540324e+00, -1.375122876742028266e+00
1.685739425947735182e+00, -1.363504009696822949e+00
1.677107058989346200e+00, -1.351881141949246024e+00
1.668476394233514348e+00, -1.340255742774042913e+00
1.659846099713377932e+00, -1.328629281445956600e+00
1.651214843462077475e+00, -1.317003227239732954e+00
1.642581293512751950e+00, -1.305379049430114291e+00
1.633944117898540105e+00, -1.293758217291844259e+00
1.625301984652582687e+00, -1.282142200099668283e+00
1.616653561808018669e+00, -1.270532467128329568e+00
1.607997517397988130e+00, -1.258930487652573094e+00
1.599332519455629598e+00, -1.247337730947142065e+00
1.590657236014083598e+00, -1.235755666286780352e+00
1.581970335106489323e+00, -1.224185762946232714e+00
1.573270484765985522e+00, -1.212629490200241911e+00
1.564556353025713387e+00, -1.201088317323554255e+00
1.555826607918810556e+00, -1.189563713590911176e+00
1.547079917478417777e+00, -1.178057148277058541e+00
1.538314949737674464e+00, -1.166570090656739778e+00
1.529530372729719589e+00, -1.155104010004698312e+00
1.520724854487693012e+00, -1.143660375595679568e+00
1.511897063044734812e+00, -1.132240656704426529e+00
1.503045666433983074e+00, -1.120846322605682843e+00
1.494169332688578766e+00, -1.109478842574193935e+00
1.485266729841660416e+00, -1.098139685884702565e+00
1.476336525926368548e+00, -1.086830321811953715e+00
1.467377388975841912e+00, -1.075552219630691031e+00
1.458387987023219923e+00, -1.064306848615657941e+00
1.449366988101643106e+00, -1.053095678041599648e+00
1.440313060244249321e+00, -1.041920177183258689e+00
1.431224871484180206e+00, -1.030781815315380934e+00
1.422101089854573175e+00, -1.019682061712708920e+00
1.412940383388569421e+00, -1.008622385649987852e+00
1.403741420119307470e+00, -9.976042564019605985e-01
1.394502889940883339e+00, -9.866291176633990023e-01
1.385224408584962097e+00, -9.756973297867228556e-01
1.375906840387441488e+00, -9.648077921058186845e-01
1.366551137914064018e+00, -9.539593007149469450e-01
1.357158253730571085e+00, -9.431506517083659835e-01
1.347729140402703862e+00, -9.323806411803347016e-01
1.338264750496204858e+00, -9.216480652251135552e-01
1.328766036576814802e+00, -9.109517199369606688e-01
1.319233951210276423e+00, -9.002904014101359431e-01
1.309669446962330674e+00, -8.896629057388985018e-01
1.300073476398719619e+00, -8.790680290175073575e-01
1.290446992085184652e+00, -8.685045673402219668e-01
1.280790946587467616e+00, -8.579713168013013425e-01
1.271106292471310573e+00, -8.474670734950050521e-01
1.261393982302455363e+00, -8.369906335155924415e-01
1.251654968646642274e+00, -8.265407929573219681e-01
1.241890204069614700e+00, -8.161163479144539767e-01
1.232100641137112929e+00, -8.057160944812467029e-01
1.222287232414880576e+00, -7.953388287519603805e-01
1.212450930468657262e+00, -7.849833468208536891e-01
1.202592687864185717e+00, -7.746484447821854191e-01
1.192713457167208002e+00, -7.643329187302160266e-01
1.182814190943464627e+00, -7.540355647592030808e-01
1.172895841758698765e+00, -7.437551789634078148e-01
1.162959362178651146e+00, -7.334905574370882420e-01
1.153005704769063167e+00, -7.232404962745032639e-01
1.143035822095677556e+00, -7.130037915699135587e-01
1.133050666724235045e+00, -7.027792394175765844e-01
1.123051191220478584e+00, -6.925656359117533523e-01
1.113038348150148682e+00, -6.823617771467023196e-01
1.103013090078987402e+00, -6.721664592166820551e-01
1.092976369572736806e+00, -6.619784782159530145e-01
1.082929139197137403e+00, -6.517966302387731004e-01
1.072872351517933032e+00, -6.416197113794031015e-01
1.062806959100863313e+00, -6.314465177321010314e-01
1.052733914511671420e+00, -6.212758453911270129e-01
1.042654170316098527e+00, -6.111064904507399476e-01
1.032568679079885587e+00, -6.009372490051986260e-01
1.022478393368775551e+00, -5.907669171487631710e-01
1.012384265748509149e+00, -5.805942909756919290e-01
1.002287248784828666e+00, -5.704181665802449119e-01
9.921882950434756099e-01, -5.602373400566810213e-01
9.820883570901913773e-01, -5.500506074992590477e-01
9.719883874907186971e-01, -5.398567650022394471e-01
9.618893388107978559e-01, -5.296546086598800107e-01
9.517921636161719157e-01, -5.194429345664413056e-01
9.416978144725818289e-01, -5.092205388161820112e-01
9.316072439457689924e-01, -4.989862175033606406e-01
9.215214046014759131e-01, -4.887387667222379273e-01
9.114412490054434324e-01, -4.784769825670717180e-01
9.013677297234145014e-01, -4.681996611321224133e-01
8.913017993211295176e-01, -4.579055985116485816e-01
8.812444103643305438e-01, -4.475935907999092911e-01
8.711965154187601978e-01, -4.372624340911646645e-01
8.611590670501587663e-01, -4.269109244796728819e-01
8.511330178242692002e-01, -4.165378580596941216e-01
8.411193203068325630e-01, -4.061420309254873406e-01
8.311189270635900295e-01, -3.957222391713109411e-01
8.211327906602846616e-01, -3.852772788914257118e-01
8.111618636626569678e-01, -3.748059461800894443e-01
8.012070986364493441e-01, -3.643070371315625389e-01
7.912694481474028541e-01, -3.537793478401032865e-01
7.813498647612601156e-01, -3.432216743999717545e-01
7.714493010437625253e-01, -3.326328129054271221e-01
7.615687095606508139e-01, -3.220115594507275691e-01
7.517090428776681543e-01, -3.113567101301337736e-01
7.418712535605547220e-01, -3.006670610379036934e-01
7.320562941750539121e-01, -2.899414082682978400e-01
7.222651167835140162e-01, -2.791785485596133265e-01
7.124980413563566373e-01, -2.683780873462282002e-01
7.027535208762172303e-01, -2.575420186798135225e-01
6.930296652938215951e-01, -2.466727754857964139e-01
6.833245845598970858e-01, -2.357727906896059655e-01
6.736363886251699462e-01, -2.248444972166696032e-01
6.639631874403663092e-01, -2.138903279924147249e-01
6.543030909562137509e-01, -2.029127159422706994e-01
6.446542091234380711e-01, -1.919140939916642863e-01
6.350146518927666239e-01, -1.808968950660247432e-01
6.253825292149256532e-01, -1.698635520907794128e-01
6.157559510406411807e-01, -1.588164979913557762e-01
6.061330273206412267e-01, -1.477581656931832299e-01
5.965118680056511469e-01, -1.366909881216884226e-01
5.868905830463982953e-01, -1.256173982023006119e-01
5.772672823936092490e-01, -1.145398288604473486e-01
5.676400759980099187e-01, -1.034607130215559057e-01
5.580070738103278805e-01, -9.238248361105569351e-02
5.483663857812888232e-01, -8.130757355437338851e-02
5.387161218616203229e-01, -7.023841577693828997e-02
5.290543920020486235e-01, -5.917744320417782367e-02
5.193793061532998578e-01, -4.812708876151947784e-02
5.096889742661013800e-01, -3.708978537439242690e-02
4.999815062911791008e-01, -2.606796596822359355e-02
4.902550121792605409e-01, -1.506406346844209494e-02
4.805076018810717775e-01, -4.080510800475457486e-03
4.707373853473391101e-01, 6.880259110248937264e-03
4.609424725287900038e-01, 1.781581333830181690e-02
4.511209733761499807e-01, 2.872371895825638621e-02
4.412709978401468947e-01, 3.960154304468331554e-02
4.313906558715064343e-01, 5.044685267215589380e-02
4.214780574209557873e-01, 6.125721491524484252e-02
4.115313124392214750e-01, 7.203019684852264570e-02
4.015485308770295747e-01, 8.276336554656194000e-02
3.915278226851075516e-01, 9.345428808393355102e-02
3.814672978141810944e-01, 1.041005315352104971e-01
3.713650662149779458e-01, 1.146996629749636176e-01
3.612192378382240721e-01, 1.252492494777655008e-01
3.510279226346456616e-01, 1.357468581181887346e-01
3.407892305549702905e-01, 1.461900559708040059e-01
3.305012715499237030e-01, 1.565764101101843886e-01
3.201621555702334754e-01, 1.669034876109009025e-01
3.097699925666256293e-01, 1.771688555475259275e-01
2.993228924898262977e-01, 1.873700809946320656e-01
2.888189652905633342e-01, 1.975047310267901424e-01
2.782563209195618725e-01, 2.075703727185731762e-01
2.676330693275502104e-01, 2.175645731445520481e-01
2.569473204652540366e-01, 2.274848993792993601e-01
2.461971842833995117e-01, 2.373289184973876587e-01
2.353807707327142951e-01, 2.470941975733875196e-01
2.244961897639239923e-01, 2.567783036818722109e-01
2.135415513277563737e-01, 2.663788038974128081e-01
2.025149653749374334e-01, 2.758932652945813579e-01
1.914145418561931100e-01, 2.853192549479506845e-01
1.802383907222515069e-01, 2.946543399320916135e-01
1.689846219238377301e-01, 3.038960873215772462e-01
1.576513454116797719e-01, 3.130420641909781310e-01
1.462366711365030714e-01, 3.220898376148677578e-01
1.347387090490353156e-01, 3.310369746678168412e-01
1.231555691000027070e-01, 3.398810424243977613e-01
1.114853612401311700e-01, 3.486196079591833419e-01
9.972619542014787841e-02, 3.572502383467445197e-01
8.787618159078020019e-02, 3.657705006616531196e-01
7.593342970275401838e-02, 3.741779619784815769e-01
6.389604970679610418e-02, 3.824701893718016610e-01
5.176215155363295128e-02, 3.906447499161856962e-01
3.952984519398985985e-02, 3.986992106862062291e-01
2.719724057859623789e-02, 4.066311387564334190e-01
1.476244765817727456e-02, 4.144381012014403676e-01
2.223576383459519024e-03, 4.221176650957987886e-01
-1.042126329483025748e-02, 4.296673975140808954e-01
-2.317396142596683806e-02, 4.370848655308592345e-01
-3.603640805922092571e-02, 4.443676362207041874e-01
-4.901049324386713701e-02, 4.515132766581886892e-01
-6.209810702917900604e-02, 4.585193539178845645e-01
-7.530113946442973383e-02, 4.653834350743638604e-01
-8.862148059889438101e-02, 4.721030872021990676e-01
-1.020610204818431788e-01, 4.786758773759609564e-01
-1.156216491625510351e-01, 4.850993726702220177e-01
-1.293052566902914147e-01, 4.913711401595544093e-01
-1.431137331143376989e-01, 4.974887469185299560e-01
-1.570489684839646016e-01, 5.034497600217212598e-01
-1.711128528484426037e-01, 5.092517465436989799e-01
-1.853072762570465992e-01, 5.148922735590359956e-01
-1.996341287590499003e-01, 5.203689081423037432e-01
-2.140953004037258467e-01, 5.256792173680747693e-01
-2.286926812403496379e-01, 5.308207683109212871e-01
-2.434281613181912829e-01, 5.357911280454140668e-01
-2.583036306865257314e-01, 5.405878636461257658e-01
-2.733209793946262955e-01, 5.452085421876282645e-01
-2.884809621245584266e-01, 5.496507026794260620e-01
-3.037763421413022802e-01, 5.539116865917068644e-01
-3.191964515534576052e-01, 5.579887505801275349e-01
-3.347306092627749807e-01, 5.618791509738866319e-01
-3.503681341710032648e-01, 5.655801441021826026e-01
-3.660983451798914268e-01, 5.690889862942134503e-01
-3.819105611911902121e-01, 5.724029338791778443e-01
-3.977941011066452037e-01, 5.755192431862731217e-01
-4.137382838280068142e-01, 5.784351705446980629e-01
-4.297324282570241794e-01, 5.811479722836507822e-01
-4.457658532954461017e-01, 5.836549047323293937e-01
-4.618278778450233268e-01, 5.859532242199326779e-01
-4.779078208075014933e-01, 5.880401870756579719e-01
-4.939950010846308470e-01, 5.899130496287037229e-01
-5.100787375781604682e-01, 5.915690682082683782e-01
-5.261483491898398812e-01, 5.930054991435502743e-01
-5.421931548214189434e-01, 5.942195987637473031e-01
-5.582024733746435707e-01, 5.952086233980579122e-01
-5.741656237512643424e-01, 5.959698293756801046e-01
-5.900719248530302830e-01, 5.965004730258122168e-01
-6.059106955816918605e-01, 5.967978106776523628e-01
-6.216712548389946580e-01, 5.968590986603986570e-01
-6.373429215266892545e-01, 5.966815933032496577e-01
-6.529150145465248967e-01, 5.962625509354033682e-01
-6.683768528002500542e-01, 5.955992278860579026e-01
-6.837177551896159722e-01, 5.946888804844117082e-01
-6.989270406163675675e-01, 5.935287650596626774e-01
-7.139940279822559743e-01, 5.921161379410093684e-01
-7.289080361890297732e-01, 5.904482554576497844e-01
-7.436583841384381000e-01, 5.885223739387821507e-01
-7.582343907322315335e-01, 5.863357497136045815e-01
-7.726253748721556569e-01, 5.838856391113155242e-01
-7.868206554599609381e-01, 5.811692984611132040e-01
-8.008095513973967350e-01, 5.781839840921957352e-01
-8.145813815862115170e-01, 5.749269523337612320e-01
-8.281254649281559743e-01, 5.713954595150075866e-01
-8.414311203249760229e-01, 5.675867619651339124e-01
-8.544876666784221309e-01, 5.634981160133377687e-01
-8.672844228902429897e-01, 5.591267779888176026e-01
-8.798107078621878463e-01, 5.544700042207714175e-01
-8.920558404960068355e-01, 5.495250510383969944e-01
-9.040091396934460954e-01, 5.442891747708936689e-01
-9.156599243562562052e-01, 5.387596317474591112e-01
-9.269975133861859673e-01, 5.329336782972914355e-01
-9.380112256849842955e-01, 5.268085707495888670e-01
-9.486903801544014359e-01, 5.203815654335490759e-01
-9.590242956961836374e-01, 5.136499186783713977e-01
-9.690022912120814791e-01, 5.066108868132536136e-01
-9.786136856038432086e-01, 4.992617261673937268e-01
-9.878477977732186277e-01, 4.915996930699901846e-01
-9.966953368141994174e-01, 4.836227221296407475e-01
-1.005158608321067515e+00, 4.753344059258595156e-01
-1.013245682021016503e+00, 4.667411493777003928e-01
-1.020964669439563322e+00, 4.578493777977595824e-01
-1.028323682102224135e+00, 4.486655164986328992e-01
-1.035330831534517104e+00, 4.391959907929153806e-01
-1.041994229261957505e+00, 4.294472259932049507e-01
-1.048321986810062612e+00, 4.194256474120968692e-01
-1.054322215704349475e+00, 4.091376803621868952e-01
-1.060003027470334702e+00, 3.985897501560710099e-01
-1.065372533633536012e+00, 3.877882821063439178e-01
-1.070438845719468901e+00, 3.767397015256043757e-01
-1.075210075253650421e+00, 3.654504337264468106e-01
-1.079694333761597846e+00, 3.539269040214673701e-01
-1.083899732768827784e+00, 3.421755377232621465e-01
-1.087834383800857729e+00, 3.302027601444255112e-01
-1.091506398383203402e+00, 3.180149965975563875e-01
-1.094923888041381854e+00, 3.056186723952492579e-01
-1.098094964300910359e+00, 2.930202128501001591e-01
-1.101027738687305080e+00, 2.802260432747050167e-01
-1.103730322726083735e+00, 2.672425889816588129e-01
-1.106210827942762265e+00, 2.540762752835596383e-01
-1.108477365862858166e+00, 2.407335274930028635e-01
-1.110538048011887602e+00, 2.272207709225838312e-01
-1.112400985915368068e+00, 2.135444308848989114e-01
-1.114074291098815506e+00, 1.997109326925423090e-01
-1.115566075087747633e+00, 1.857267016581134467e-01
-1.116884449407680835e+00, 1.715981630942063352e-01
-1.118037525584131942e+00, 1.573317423134173443e-01
-1.119033415142617560e+00, 1.429338646283406511e-01
-1.119880229608655187e+00, 1.284109553515752622e-01
-1.120586080507760762e+00, 1.137694397957161180e-01
-1.121159079365452005e+00, 9.901574327335879722e-02
-1.121607337707244634e+00, 8.415629109709926725e-02
-1.121938967058656589e+00, 6.919750857953206602e-02
-1.122162078945203811e+00, 5.414582103325635276e-02
-1.122284784892403353e+00, 3.900765377086663765e-02
-1.122315196425772266e+00, 2.378943210495862437e-02
-1.122261425070827157e+00, 8.497581348128481482e-03
-1.122131582353084855e+00, -6.861473187029308585e-03
-1.121933779798062636e+00, -2.228130618791575313e-02
-1.121676128931276661e+00, -3.775549234193632808e-02
-1.121366741278244206e+00, -5.327760633649507305e-02
-1.121013728364481432e+00, -6.884122285899600679e-02
-1.120625201715506059e+00, -8.443991659684484119e-02
-1.120209272856833804e+00, -1.000672622374421672e-01
-1.119774053313982831e+00, -1.157168344681938355e-01
-1.119327654612468637e+00, -1.313822079765036288e-01
-1.118878188277809160e+00, -1.470569574497756493e-01
-1.118433765835520122e+00, -1.627346575754157476e-01
-1.118002498811119239e+00, -1.784088830408242787e-01
-1.117592498730122452e+00, -1.940732085334069823e-01
-1.117211743152497272e+00, -2.097213101062494756e-01
-1.116864321397291526e+00, -2.253498058687244121e-01
-1.116549925094363571e+00, -2.409586414629925621e-01
-1.116268009533935013e+00, -2.565479413587374302e-01
-1.116018030006228123e+00, -2.721178300256475446e-01
-1.115799441801464731e+00, -2.876684319334101292e-01
-1.115611700209867108e+00, -3.031998715517119081e-01
-1.115454260521658192e+00, -3.187122733502418259e-01
-1.115326578027058035e+00, -3.342057617986832208e-01
-1.115228108016290021e+00, -3.496804613667249262e-01
-1.115158305779575754e+00, -3.651364965240538329e-01
-1.115116626607137507e+00, -3.805739917403571093e-01
-1.115102525789197330e+00, -3.959930714853230338e-01
-1.115115458615977051e+00, -4.113938602286356105e-01
-1.115154880377698499e+00, -4.267764824399831736e-01
-1.115220246364584611e+00, -4.421410625890530022e-01
-1.115311011866856106e+00, -4.574877251455317650e-01
-1.115426632174736365e+00, -4.728165945791085178e-01
-1.115566562578445886e+00, -4.881277953594663765e-01
-1.115730258368208494e+00, -5.034214519562942858e-01
-1.115917174834244907e+00, -5.186976888392793583e-01
-1.116126767266777620e+00, -5.339566304781083739e-01
-1.116358490956028904e+00, -5.491984013424699995e-01
-1.116611801192220366e+00, -5.644231259020476843e-01
-1.116886153265574277e+00, -5.796309286265306504e-01
-1.117181002466312023e+00, -5.948219339856051224e-01
-1.117495804084656541e+00, -6.099962664489585462e-01
-1.117830013410829881e+00, -6.251540504862795888e-01
-1.118183085735053428e+00, -6.402954105672515883e-01
-1.118554476347549675e+00, -6.554204711615636558e-01
-1.118943640538540230e+00, -6.705293567389024600e-01
-1.119350033598247585e+00, -6.856221917689545586e-01
-1.119773110816893791e+00, -7.006991007214093958e-01
-1.120212327484700454e+00, -7.157602080659501986e-01
-1.120667138891889847e+00, -7.308056382722657451e-01
-1.121137000328684019e+00, -7.458355158100427040e-01
-1.121621367085305021e+00, -7.608499651489684101e-01
-1.122119694451974681e+00, -7.758491107587313085e-01
-1.122631437718915492e+00, -7.908330771090151812e-01
-1.123156052176349284e+00, -8.058019886695088063e-01
-1.123692993114497662e+00, -8.207559699098986306e-01
-1.124241715823583121e+00, -8.356951452998719887e-01
-1.124801675593827710e+00, -8.506196393091175478e-01
-1.125372327715453480e+00, -8.655295764073189790e-01
-1.125953127478681592e+00, -8.804250810641645053e-01
-1.126543530173735652e+00, -8.953062777493419055e-01
-1.127142991090836155e+00, -9.101732909325389587e-01
-1.127750965520206483e+00, -9.250262450834398908e-01
-1.128366908752068021e+00, -9.398652646717331471e-01
-1.128990276076642596e+00, -9.546904741671058403e-01
-1.129620522784152703e+00, -9.695019980392448611e-01
-1.130257104164819504e+00, -9.842999607578384325e-01
-1.130899475508866381e+00, -9.990844867925707806e-01
-1.131547092106514052e+00, -1.013855700613129907e+00
-1.132199409247985455e+00, -1.028613726689203922e+00
-1.132855882223502419e+00, -1.043358689490478719e+00
-1.133515966323286994e+00, -1.058090713486643297e+00
-1.134179116837560786e+00, -1.072809923147381550e+00
-1.134844789056546510e+00, -1.087516442942381811e+00
-1.135512438270465774e+00, -1.102210397341331527e+00
-1.136181519769540404e+00, -1.116891910813916367e+00
-1.136851488843992897e+00, -1.131561107829826662e+00
-1.137521800784045078e+00, -1.146218112858744753e+00
-1.138191910879919000e+00, -1.160863050370360083e+00
-1.138861274421837155e+00, -1.175496044834359433e+00
-1.139529346700020485e+00, -1.190117220720429803e+00
-1.140195583004692148e+00, -1.204726702498259305e+00
-1.140859438626073530e+00, -1.219324614637532278e+00
-1.141520368854386902e+00, -1.233911081607937277e+00
-1.142177828979853871e+00, -1.248486227879160859e+00
-1.142831274292697152e+00, -1.263050177920890027e+00
-1.143480160083138353e+00, -1.277603056202814225e+00
-1.144123941641399744e+00, -1.292144987194616235e+00
-1.144762074257703599e+00, -1.306676095365984835e+00
-1.145394013222271079e+00, -1.321196505186607473e+00
-1.146019213825324901e+00, -1.335706341126170482e+00
-1.146637131357087114e+00, -1.350205727654362864e+00
-1.147247221107779769e+00, -1.364694789240868733e+00
-1.147848938367624250e+00, -1.379173650355375536e+00
-1.148441738426843273e+00, -1.393642435467571383e+00
-1.149025076575658666e+00, -1.408101269047142612e+00
-1.149598408104292258e+00, -1.422550275563777777e+00
-1.150161188302966320e+00, -1.436989579487160995e+00
-1.150712872461903125e+00, -1.451419305286980821e+00
-1.151252915871324278e+00, -1.465839577432924479e+00
-1.151780773821451831e+00, -1.480250520394677638e+00
-1.152295901602508721e+00, -1.494652258641931075e+00
-1.152797754504715444e+00, -1.509044916644366241e+00
-1.153285787818294716e+00, -1.523428618871673246e+00
-1.153759456833469033e+00, -1.537803489793538203e+00
-1.154218216840459998e+00, -1.552169653879648781e+00
-1.154661523129489664e+00, -1.566527235599693535e+00
-1.155088830990780080e+00, -1.580876359423355471e+00
-1.155499595714553518e+00, -1.595217149820324032e+00
-1.155893272591031806e+00, -1.609549731260285554e+00
-1.156269316910436551e+00, -1.623874228212927484e+00
-1.156627183962991134e+00, -1.638190765147938155e+00
-1.156966329038916053e+00, -1.652499466535001682e+00
-1.157286207428434022e+00, -1.666800456843805733e+00
-1.157586274421767092e+00, -1.681093860544038199e+00
-1.157865985309137091e+00, -1.695379802105385636e+00
-1.158124795380766292e+00, -1.709658405997537045e+00
-1.158362159926876966e+00, -1.723929796690175875e+00
-1.158577534237690498e+00, -1.738194098652990238e+00
-1.158770373603429604e+00, -1.752451436355668246e+00
-1.158940133314315668e+00, -1.766701934267897789e+00
-1.159086268660570740e+00, -1.780945716859362093e+00
-1.159208234932417536e+00, -1.795182908599750604e+00
-1.159305487420077441e+00, -1.809413633958749656e+00
-1.159377481413773170e+00, -1.823638017406047585e+00
-1.159423672203726108e+00, -1.837856183411331390e+00
-1.159443515080158082e+00, -1.852068256444284966e+00
-1.159436465333292032e+00, -1.866274360974597535e+00
-1.159401978253349341e+00, -1.880474621471956542e+00
-1.159339509130552281e+00, -1.894669162406047880e+00
-1.159248513255122903e+00, -1.908858108246560326e+00
-1.159128445917283035e+00, -1.923041583463177995e+00
-1.158978762407255392e+00, -1.937219712525589665e+00
-1.158798918015260915e+00, -1.951392619903481895e+00
-1.158588368031522542e+00, -1.965560430066541908e+00
-1.158346567746261657e+00, -1.979723267484457816e+00
-1.158072972449700311e+00, -1.993881256626913290e+00
-1.157767037432061441e+00, -2.008034521963598440e+00
-1.157428217983566432e+00, -2.022183187964198492e+00
-1.157055969394437112e+00, -2.036327379098400669e+00
-1.156649746954895752e+00, -2.050467219835894639e+00
-1.156209005955164626e+00, -2.064602834646363405e+00
-1.155733201685465117e+00, -2.078734347999494858e+00
-1.155221789436020163e+00, -2.092861884364977776e+00
-1.154674224497050705e+00, -2.106985568212496940e+00
-1.154089962158779903e+00, -2.121105524011742904e+00
-1.153468457711429140e+00, -2.135221876232399119e+00
-1.152809166445220690e+00, -2.149334749344152584e+00
-1.152111543650376380e+00, -2.163444267816691635e+00
-1.151375044617118482e+00, -2.177550556119703717e+00
-1.150599124635668602e+00, -2.191653738722874945e+00
-1.149783238996249679e+00, -2.205753940095892318e+00
-1.148926842989082875e+00, -2.219851284708442840e+00
-1.148029391904390240e+00, -2.233945897030213068e+00
-1.147090341032394489e+00, -2.248037901530890892e+00
-1.146109145663316786e+00, -2.262127422680163757e+00
-1.145085261087380069e+00, -2.276214584947716890e+00
-1.144018142594805498e+00, -2.290299512803237736e+00
-1.142907245475815792e+00, -2.304382330716413740e+00
-1.141752025020632777e+00, -2.318463163156931461e+00
-1.140551936519478282e+00, -2.332542134594480121e+00
-1.139306435262574357e+00, -2.346619369498742724e+00
-1.138014976540143719e+00, -2.360694992339408937e+00
-1.136677015642407751e+00, -2.374769127586165318e+00
-1.135292007859588059e+00, -2.388841899708697536e+00
-1.133859408481907582e+00, -2.402913433176696145e+00
-1.132378672799587926e+00, -2.416983852459843263e+00
-1.130849256102851585e+00, -2.431053282027828999e+00
-1.129270613681919722e+00, -2.445121846350339023e+00
-1.127642200827015273e+00, -2.459189669897061670e+00
-1.125963472828359180e+00, -2.473256877137683940e+00
-1.124233884976174824e+00, -2.487323592541890616e+00
-1.122452892560683591e+00, -2.501389940579370030e+00
-1.120619950872107307e+00, -2.515456045719808742e+00
-1.118734515200667801e+00, -2.529522032432894640e+00
-1.116796040836588011e+00, -2.543588025188315616e+00
-1.114803983070089544e+00, -2.557654148455756005e+00
-1.112757797191394449e+00, -2.571720526704903698e+00
-1.110656938490724333e+00, -2.585787284405446140e+00
-1.108500862258301689e+00, -2.599854546027069446e+00
-1.106289023784348124e+00, -2.613922436039463726e+00
-1.104020878359086577e+00, -2.627991078912311540e+00
-1.101695881272737765e+00, -2.642060599115301667e+00
-1.099313487815525292e+00, -2.656131121118121552e+00
-1.096873153277669877e+00, -2.670202769390457753e+00
-1.094374332949393791e+00, -2.684275668401999049e+00
-1.091816482120919751e+00, -2.698349942622429332e+00
-1.089199056082469363e+00, -2.712425716521436936e+00
-1.086521510124264678e+00, -2.726503114568708419e+00
-1.083783299536527078e+00, -2.740582261233933004e+00
-1.080983879609479725e+00, -2.754663280986794582e+00
-1.078122705633344447e+00, -2.768746298296981934e+00
-1.075199232898342627e+00, -2.782831437634180283e+00
-1.072212916694696760e+00, -2.796918823468078408e+00
-1.069163212312628675e+00, -2.811008580268364643e+00
-1.066049575042360642e+00, -2.825100832504722881e+00
-1.062871460174114713e+00, -2.839195704646840568e+00
-1.059628322998112715e+00, -2.853293321164405150e+00
-1.056319618804576477e+00, -2.867393806527103628e+00
-1.052944802883728270e+00, -2.881497285204626113e+00
-1.049503330525790590e+00, -2.895603881666654278e+00
-1.045994657020985041e+00, -2.909713720382877788e+00
-1.042418237659533453e+00, -2.923826925822982314e+00
-1.038773527731658319e+00, -2.937943622456657522e+00
-1.035059982527581024e+00, -2.952063934753589081e+00
-1.031277057337524061e+00, -2.966187987183461772e+00
-1.027424207451709481e+00, -2.980315904215964817e+00
-1.023500884636088459e+00, -2.994447766714246839e+00
-1.019506440719456730e+00, -3.008582418998333896e+00
-1.015440115822634937e+00, -3.022717323202311235e+00
-1.011301144178854639e+00, -3.036849868611895875e+00
-1.007088760021346285e+00, -3.050977444512814607e+00
-1.002802197583341659e+00, -3.065097440190788003e+00
-9.984406910980713201e-01, -3.079207244931541076e+00
-9.940034747987666064e-01, -3.093304248020797065e+00
-9.894897829186594107e-01, -3.107385838744276541e+00
-9.848988496909801826e-01, -3.121449406387703185e+00
-9.802299093489601489e-01, -3.135492340236799347e+00
-9.754821961258305363e-01, -3.149512029577288708e+00
-9.706549442548223494e-01, -3.163505863694896725e+00
-9.657473879691673702e-01, -3.177471231875342195e+00
-9.607587615020963812e-01, -3.191405523404348799e+00
-9.556882990868407202e-01, -3.205306127567640218e+00
-9.505352349566310588e-01, -3.219170433650939245e+00
-9.452988033446988458e-01, -3.232995830939970006e+00
-9.399782384842756411e-01, -3.246779708720452629e+00
-9.345727746085924492e-01, -3.260519456278111239e+00
-9.290816459508799419e-01, -3.274212462898669074e+00
-9.235040867443697898e-01, -3.287856117867848926e+00
-9.178393312222923317e-01, -3.301447810471374034e+00
-9.120866136178802375e-01, -3.314984929994965412e+00
-9.062451681643638457e-01, -3.328464865724348520e+00
-9.003142290949743831e-01, -3.341885006945244374e+00
-8.942930306429428544e-01, -3.355242742943376211e+00
-8.881808070415000422e-01, -3.368535463004469488e+00
-8.819767925238783945e-01, -3.381760556414243002e+00
-8.756802213233080279e-01, -3.394915412458420434e+00
-8.692903276730206130e-01, -3.407997420422725465e+00
-8.628063458062470437e-01, -3.421003969592882221e+00
-8.562275099562179914e-01, -3.433932449254613495e+00
-8.495530543561660153e-01, -3.446780248693639415e+00
-8.427822132393213428e-01, -3.459544757195684994e+00
-8.359142208389156448e-01, -3.472223364046473026e+00
-8.289483113881793708e-01, -3.484813458531725860e+00
-8.218837191203435255e-01, -3.497312429937168066e+00
-8.147196782686405570e-01, -3.509717667548518438e+00
-8.074554230663008036e-01, -3.522026560651503324e+00
-8.000901877465557144e-01, -3.534236498531844184e+00
-7.926232065426350726e-01, -3.546344870475266031e+00
-7.850537136877725475e-01, -3.558349065767488550e+00
-7.773809434151979225e-01, -3.570246473694236311e+00
-7.696041299581425355e-01, -3.582034483541232994e+00
-7.617225075498375020e-01, -3.593710484594198729e+00
-7.537353104235131607e-01, -3.605271866138861192e+00
-7.456417728124021815e-01, -3.616716017460936961e+00
-7.374411289497353472e-01, -3.628040327846153712e+00
-7.291326130687434404e-01, -3.639242186580232019e+00
-7.207154594026577987e-01, -3.650318982948896451e+00
-7.121889021847086498e-01, -3.661268106237868913e+00
-7.035521756481289968e-01, -3.672086945732871310e+00
-6.948045140261489561e-01, -3.682772890719628212e+00
-6.859451515520003095e-01, -3.693323330483862410e+00
-6.769733224589131737e-01, -3.703735654311294478e+00
-6.678882609801186643e-01, -3.714007251487650763e+00
-6.586892013488493403e-01, -3.724135511298650503e+00
-6.493753777983359843e-01, -3.734117823030020045e+00
-6.399460245618090459e-01, -3.743951575967479961e+00
-6.304003758725005291e-01, -3.753634159396753489e+00
-6.207376659636396621e-01, -3.763162962603564754e+00
-6.109571290684603362e-01, -3.772535374873635217e+00
-6.010579994201924459e-01, -3.781748785492687670e+00
-5.910395112520672178e-01, -3.790800583746445351e+00
-5.809008987973159899e-01, -3.799688158920631942e+00
-5.706413962891685454e-01, -3.808408900300970679e+00
-5.602602379608582206e-01, -3.816960197173181690e+00
-5.497566580456154650e-01, -3.825339438822989990e+00
-5.391298907766711723e-01, -3.833544014536118372e+00
-5.283791703872563472e-01, -3.841571313598289628e+00
-5.175037311106015503e-01, -3.849418725295226107e+00
-5.065028071799396736e-01, -3.857083638912650603e+00
-4.953756328285013333e-01, -3.864563443736287685e+00
-4.841214422895172564e-01, -3.871855529051857037e+00
-4.727394697962185588e-01, -3.878957284145083673e+00
-4.612289495818356899e-01, -3.885866098301692606e+00
-4.495891158796015974e-01, -3.892579360807401745e+00
-4.378192029227468973e-01, -3.899094460947936991e+00
-4.259184449445023168e-01, -3.905408788009021137e+00
-4.138860761780991382e-01, -3.911519731276376532e+00
-4.017213308567672558e-01, -3.917424680035726414e+00
-3.894234432137405610e-01, -3.923121023572793131e+00
-3.769916474822486152e-01, -3.928606151173299033e+00
-3.644251778955229226e-01, -3.933877452122968243e+00
-3.517232686867947100e-01, -3.938932315707524445e+00
-3.388851540892932612e-01, -3.943768131212687766e+00
-3.259100683362529671e-01, -3.948382287924183665e+00
-3.127972456609033891e-01, -3.952772175127732268e+00
-2.995459202964758649e-01, -3.956935182109059479e+00
-2.861553264762015658e-01, -3.960868698153886758e+00
-2.726246984333101087e-01, -3.964570112547936898e+00
-2.589532704010355513e-01, -3.968036814576932247e+00
-2.451402766126077326e-01, -3.971266193526597377e+00
-2.311849513012576296e-01, -3.974255638682651970e+00
-2.170865287002167465e-01, -3.977002539330822817e+00
-2.028442430427144505e-01, -3.979504284756831822e+00
-1.884573285619849936e-01, -3.981758264246398227e+00
-1.739250194912581315e-01, -3.983761867085249708e+00
-1.592465500637650355e-01, -3.985512482559107283e+00
-1.444211545127367935e-01, -3.987007499953693745e+00
-1.294480670714029946e-01, -3.988244308554731443e+00
-1.143265219729980853e-01, -3.989220297647943170e+00
-9.905575345075146032e-02, -3.989932856519052606e+00
-8.363499573789456853e-02, -3.990379374453782102e+00
-6.806348306765835909e-02, -3.990557240737854894e+00
-5.234044967327233788e-02, -3.990463844656993775e+00
-3.646512978797111781e-02, -3.990096575496921538e+00
-2.043675764498426028e-02, -3.989452822543361421e+00
-4.254567477542769982e-03, -3.988529975082035328e+00
1.208220648112384721e-02, -3.987325422398668273e+00
2.857432999778081184e-02, -3.985836553778979496e+00
4.522256883919900661e-02, -3.984060758508695343e+00
6.202768877214687171e-02, -3.981995425873537719e+00
7.899045556339345797e-02, -3.979637945159228529e+00
9.611163497970948155e-02, -3.976985705651491010e+00
1.133919927878599965e-01, -3.974036096636047954e+00
1.308322947546156634e-01, -3.970786507398623488e+00
1.484333066467452555e-01, -3.967234327224939072e+00
1.661957942310178238e-01, -3.963376945400718387e+00
1.841205232742038067e-01, -3.959211751211682895e+00
2.022082595430684526e-01, -3.954736133943557608e+00
2.204597688043823389e-01, -3.949947482882064875e+00
2.388754435479807925e-01, -3.944843800047300064e+00
2.574470896830131639e-01, -3.939437182338151100e+00
2.761579258649943802e-01, -3.933753822636949060e+00
2.949907973379098380e-01, -3.927820526781328869e+00
3.139285493457504850e-01, -3.921664100608923675e+00
3.329540271325058254e-01, -3.915311349957366627e+00
3.520500759421649195e-01, -3.908789080664290427e+00
3.711995410187189925e-01, -3.902124098567327781e+00
3.903852676061534410e-01, -3.895343209504114945e+00
4.095901009484593236e-01, -3.888473219312283735e+00
4.287968862896258115e-01, -3.881540933829467299e+00
4.479884688736425202e-01, -3.874573158893300562e+00
4.671476939445003418e-01, -3.867596700341415339e+00
4.862574067461846172e-01, -3.860638364011446111e+00
5.053004525226865162e-01, -3.853724955741026470e+00
5.242596765179954321e-01, -3.846883281367790008e+00
5.431179239761003696e-01, -3.840140146729369874e+00
5.618580401409928315e-01, -3.833522357663398328e+00
5.804628702566579923e-01, -3.827056720007511625e+00
5.989152595670869106e-01, -3.820770039599340695e+00
6.171980533162687577e-01, -3.814689122276519573e+00
6.352940967481931489e-01, -3.808840773876683627e+00
6.531862351068510320e-01, -3.803251800237462898e+00
6.708573136362276923e-01, -3.797949007196494087e+00
6.882901775803145217e-01, -3.792959200591409452e+00
7.054676721831004693e-01, -3.788309186259843031e+00
7.223726426885748175e-01, -3.784025770039426639e+00
7.389879343407290690e-01, -3.780135757767794757e+00
7.552963923835482873e-01, -3.776665955282581866e+00
7.712808620610238641e-01, -3.773643168421421557e+00
7.869241886171447486e-01, -3.771094203021944757e+00
8.022092172959004452e-01, -3.769045864921787281e+00
8.171187933412815685e-01, -3.767524959958581832e+00
8.316357619972744031e-01, -3.766558293969962445e+00
8.457429685078694526e-01, -3.766172672793561382e+00
8.594232581170559993e-01, -3.766394902267012235e+00
8.726594760688238805e-01, -3.767251788227950815e+00
8.854344676071628228e-01, -3.768770136514008051e+00
8.977310779760598880e-01, -3.770976752962818868e+00
9.095321524195054685e-01, -3.773898443412015524e+00
9.208205361814889578e-01, -3.777562013699231613e+00
9.315790745059995270e-01, -3.781994269662102948e+00
9.417906126370272357e-01, -3.787222017138260455e+00
9.514379958185597008e-01, -3.793272061965338615e+00
9.605040692945865377e-01, -3.800171209980970133e+00
9.689716783090978058e-01, -3.807946267022789932e+00
9.768236681060826765e-01, -3.816624038928431162e+00
9.840428839295294328e-01, -3.826231331535525637e+00
9.906121710234278011e-01, -3.836794950681707839e+00
9.965143746317670637e-01, -3.848341702204612247e+00
1.001732339998536725e+00, -3.860898391941871566e+00
1.006248912367726067e+00, -3.874491825731120276e+00
1.010046936983323373e+00, -3.889148809409988861e+00
1.013109259089318703e+00, -3.904896148816113133e+00
